# c = 0
            # r = 0
            # for l in range(len(data)):
            #     if data[i][j] == data[l][j]:
            #         c = c+1
            #     if data[i][j] == data[i][l]:
            #         r = r+1
            # if data [i][i] == data[i][j]:
            #     c = c+1
            # if data [i][i] == data[j][i]:
            #     r = r+1



20
5
1 2 3 4 5
2 6 6 3 6
3 3 3 3 3
4 3 2 1 6
5 6 8 4 2
6
2 2 2 2 4 5
2 3 3 2 7 8
2 3 3 2 7 5
2 2 2 2 2 3
4 8 6 9 7 5
7 5 8 6 4 2
4
1 2 3 4
2 1 4 3
3 4 1 2
4 3 2 1
4
2 2 2 2
2 3 2 3
2 2 2 3
2 2 2 2
3
2 1 3
1 3 2
1 2 3
5
1 2 3 4 5
2 6 6 3 6
3 3 3 3 3
4 3 2 1 6
5 6 8 4 2
6
2 2 2 2 4 5
2 3 3 2 7 8
2 3 3 2 7 5
2 2 2 2 2 3
4 8 6 9 7 5
7 5 8 6 4 2
4
1 2 3 4
2 1 4 3
3 4 1 2
4 3 2 1
4
2 2 2 2
2 3 2 3
2 2 2 3
2 2 2 2
3
2 1 3
1 3 2
1 2 3
5
1 2 3 4 5
2 6 6 3 6
3 3 3 3 3
4 3 2 1 6
5 6 8 4 2
6
2 2 2 2 4 5
2 3 3 2 7 8
2 3 3 2 7 5
2 2 2 2 2 3
4 8 6 9 7 5
7 5 8 6 4 2
4
1 2 3 4
2 1 4 3
3 4 1 2
4 3 2 1
4
2 2 2 2
2 3 2 3
2 2 2 3
2 2 2 2
3
2 1 3
1 3 2
1 2 3
5
1 2 3 4 5
2 6 6 3 6
3 3 3 3 3
4 3 2 1 6
5 6 8 4 2
6
2 2 2 2 4 5
2 3 3 2 7 8
2 3 3 2 7 5
2 2 2 2 2 3
4 8 6 9 7 5
7 5 8 6 4 2
4
1 2 3 4
2 1 4 3
3 4 1 2
4 3 2 1
4
2 2 2 2
2 3 2 3
2 2 2 3
2 2 2 2
3
2 1 3
1 3 2
1 2 3

---------------------------------
*********************************

5
3 6
2 3
2 5
3 6
3 6

---------------------------------
*********************************


4
3
360 480
420 540
600 660
3
0 1440
1 3
2 4
5
99 150
1 100
100 301
2 5
150 250
2
0 720
720 1440

_________________________________________

4
021
312
4
111000



